2.090977038264636989e-01
2.393741294089276050e-01
3.312517090384919372e-01
2.279046299256806685e-01
2.070468463746738264e-01
2.109782872419165289e-01
2.395740757702581325e-01
3.404731995621715357e-01
2.345055366621284498e-01
2.093341966589028769e-01
2.122467423196229830e-01
2.387368235375277314e-01
3.458018182221420656e-01
2.410679307933127624e-01
2.113926515256274175e-01
2.118780486538023033e-01
2.350943905463457884e-01
3.459753074941654960e-01
2.448679065177744030e-01
2.117558630642185080e-01
2.097757703114025984e-01
2.289049555603876462e-01
3.407057587980101276e-01
2.450986205366606774e-01
2.105187468918211791e-01
2.079113413649198439e-01
2.221971295816660419e-01
3.309120461336088614e-01
2.438457175092314244e-01
2.092488626973941779e-01
2.089085511316835508e-01
2.399990094938635465e-01
3.190651090986901250e-01
2.145337036226095950e-01
2.061980721692862617e-01
2.102055021562945214e-01
2.432767074369906191e-01
3.326327795897138784e-01
2.224387469540547169e-01
2.076991711438410659e-01
2.116494840090135388e-01
2.453177166844769941e-01
3.445233510150395029e-01
2.304245339720738528e-01
2.093771742846794737e-01
2.139749440041597561e-01
2.458573833919304452e-01
3.551071563986992197e-01
2.387188284429924978e-01
2.121315186109206385e-01
2.156248089364204423e-01
2.444114549070134368e-01
3.617655236722780998e-01
2.465853330738922988e-01
2.148787501165611291e-01
2.152735392660650726e-01
2.396953324913220496e-01
3.619895507313745653e-01
2.514795081956119893e-01
2.151687888351001554e-01
2.126144294808302582e-01
2.322598731579250120e-01
3.554448142926160958e-01
2.520505487338874917e-01
2.134474571345298388e-01
2.100386517725856828e-01
2.242316955139592727e-01
3.440213063840558694e-01
2.503901082118754617e-01
2.117354930790656953e-01
2.091475578257555312e-01
2.164380806350911790e-01
3.318752767377906587e-01
2.480403176789519326e-01
2.112300174852299317e-01
2.084209464137355139e-01
2.093319604395823541e-01
3.188917774772409008e-01
2.450112341232374424e-01
2.108843892302087464e-01
2.103644214704773197e-01
2.406123774866176512e-01
3.127830496361960755e-01
2.062719892393389820e-01
2.072826500942595573e-01
2.115457059626836833e-01
2.443563614348229218e-01
3.273185992915320086e-01
2.136155332121394412e-01
2.085660317436549838e-01
2.128048165007815629e-01
2.484650116732728953e-01
3.429322588831523744e-01
2.224550975859555801e-01
2.102087195042511569e-01
2.146663918435782470e-01
2.516298113889327004e-01
3.569186538848542756e-01
2.319699048851142364e-01
2.121569808046545325e-01
2.176700800980648220e-01
2.529012920536615749e-01
3.691256528300517203e-01
2.421462649298701530e-01
2.157219913995606364e-01
2.198079137754503365e-01
2.504315121228848917e-01
3.767017383278636888e-01
2.517355177092385210e-01
2.191111428907246139e-01
2.192796695122671002e-01
2.439460136657645994e-01
3.764900548877150865e-01
2.580869245811609480e-01
2.194071774470595926e-01
2.159833098822725173e-01
2.346844114892696065e-01
3.686107347410090274e-01
2.592872882366868970e-01
2.171592131590435459e-01
2.126621242111918775e-01
2.250057113380213858e-01
3.559822493313531400e-01
2.571161016880525452e-01
2.146256793759261094e-01
2.112538805282042076e-01
2.163083428202193514e-01
3.419232220562984370e-01
2.537303636189957023e-01
2.137159175948014078e-01
2.105368141679395955e-01
2.085696386578200223e-01
3.270997307077595506e-01
2.496956520719994244e-01
2.132549476796386512e-01
2.096891880971043232e-01
2.019248050092367353e-01
3.130255354892672037e-01
2.460889710797685426e-01
2.126677998111829448e-01
2.120520730898965700e-01
2.404934374645028294e-01
3.043546727459985335e-01
1.988635850623384216e-01
2.088162320759351653e-01
2.132969348765303697e-01
2.445226509211685662e-01
3.185098629605941367e-01
2.044563577140479371e-01
2.099458421213263315e-01
2.143690556259386648e-01
2.487996539685090325e-01
3.344666689773432844e-01
2.117548621771126738e-01
2.111413515570260135e-01
2.157857053201307218e-01
2.536976229078516387e-01
3.518843293242069903e-01
2.210974269081631416e-01
2.127000698676002055e-01
2.182095721848431313e-01
2.582589969809019337e-01
3.677105954535127563e-01
2.318515606979601462e-01
2.152745556271686844e-01
2.219408123361664431e-01
2.600176096013169236e-01
3.805560768328167809e-01
2.434637717594071160e-01
2.197723870628027487e-01
2.248336055016312007e-01
2.560691752723053827e-01
3.883861823360506560e-01
2.550741669982516946e-01
2.238566842405976531e-01
2.240039420261464020e-01
2.467726669323640765e-01
3.881534869223722817e-01
2.634966180120305590e-01
2.242354434299347887e-01
2.202025473986558568e-01
2.350517490543507226e-01
3.795587817504844086e-01
2.663598723186698103e-01
2.216291726734705425e-01
2.161275159136261670e-01
2.241544554633696507e-01
3.661001607720069106e-01
2.640645436174354765e-01
2.182853780766609020e-01
2.140219433424321027e-01
2.149174709469857392e-01
3.504991016186959629e-01
2.593787974085918213e-01
2.167127664584528046e-01
2.128891615414998939e-01
2.068858245351209157e-01
3.340837685321170203e-01
2.541995772674633391e-01
2.156159597993988486e-01
2.118793007114935512e-01
2.000302240753102645e-01
3.184975835632521401e-01
2.497423219442167774e-01
2.147629532276105757e-01
2.104635071120689871e-01
1.943891182437093856e-01
3.038427879114369290e-01
2.451989319008843204e-01
2.137323082206886160e-01
2.150027574794610707e-01
2.432688534664330660e-01
3.076816051222329707e-01
1.964472598232678835e-01
2.115026491591617819e-01
2.163780031883975608e-01
2.478836646952693179e-01
3.228764772497835223e-01
2.018999822288698454e-01
2.128300142676529949e-01
2.176498133311484673e-01
2.530256877288431516e-01
3.401152279902929232e-01
2.089716602911981524e-01
2.140524094681865441e-01
2.192276991007949261e-01
2.588652194380712812e-01
3.582827881518309554e-01
2.179962777954114195e-01
2.157047069456998756e-01
2.221755303662195924e-01
2.643654401714115032e-01
3.747784251533747280e-01
2.287019342171840441e-01
2.189099674812775287e-01
2.268659021519480179e-01
2.658182489906983359e-01
3.861654069390391686e-01
2.408570966556696225e-01
2.242891173253004911e-01
2.301606658918807224e-01
2.593413898582201393e-01
3.918478645990025044e-01
2.544205181576132402e-01
2.288917249658916908e-01
2.293137983222844900e-01
2.466508420373212385e-01
3.918144622297209390e-01
2.660094526412646876e-01
2.293110126972363327e-01
2.251847759960265427e-01
2.325775475856167451e-01
3.848189995611890901e-01
2.717886350084615099e-01
2.266000974133799695e-01
2.205650170320826442e-01
2.212192303257163040e-01
3.726181899722149082e-01
2.702252147987468378e-01
2.226123847946770429e-01
2.177172179374069205e-01
2.119580400033538037e-01
3.567813419523366281e-01
2.646110358336746238e-01
2.202621612609659552e-01
2.158274755143508861e-01
2.040678129836080712e-01
3.393941075765625759e-01
2.584256056284450209e-01
2.184562953768613702e-01
2.144377401281993833e-01
1.975794216648038282e-01
3.225476021086301492e-01
2.527358404547420667e-01
2.172623698481164212e-01
2.129087211153694037e-01
1.922079584257672669e-01
3.068444314558315678e-01
2.472023924067272560e-01
2.160473378931375976e-01
2.164852767667805600e-01
2.411969666178739313e-01
2.964712979992787933e-01
1.902482922745913629e-01
2.126371872651005301e-01
2.184582801737455227e-01
2.457661798012259757e-01
3.100967099085334966e-01
1.938903401710502239e-01
2.142957298881106587e-01
2.202921980374210331e-01
2.510287574169284275e-01
3.258851724501252156e-01
1.988009722357893527e-01
2.160743634849574268e-01
2.219751556601891052e-01
2.571972210612221699e-01
3.438317659500614853e-01
2.053714507258552202e-01
2.177540623295694255e-01
2.242590511688165311e-01
2.637476846096206695e-01
3.618173648852585078e-01
2.133565964580032004e-01
2.201534539960688930e-01
2.279094148291460342e-01
2.689340612960237631e-01
3.761821664687556299e-01
2.221967344363758035e-01
2.241733283508181296e-01
2.323881559263169805e-01
2.673703196953699512e-01
3.807199135119845868e-01
2.322519929243579417e-01
2.294061572210352173e-01
2.334701724048910965e-01
2.551919788097009589e-01
3.776758164003180540e-01
2.450787131960918408e-01
2.318724270879763127e-01
2.328201295265561743e-01
2.384851200656776249e-01
3.775489610320245104e-01
2.600517041211909408e-01
2.326396257179975668e-01
2.311062711924488366e-01
2.248193944713223480e-01
3.786946440765768251e-01
2.719888161864935094e-01
2.323993169478832943e-01
2.271072490507997366e-01
2.156252537693091886e-01
3.735144434876752628e-01
2.739783901626428042e-01
2.292256373438759931e-01
2.233531234103403318e-01
2.078938910128953210e-01
3.598464072816783266e-01
2.687261757805007312e-01
2.256527405333796366e-01
2.203346068106860067e-01
2.008282268181685870e-01
3.426661934579712243e-01
2.615872343486058682e-01
2.226211364627568301e-01
2.182497620133106997e-01
1.949966338603778271e-01
3.251868812902443118e-01
2.549698138631731337e-01
2.207719210160833112e-01
2.166014782523469628e-01
1.903224547107343623e-01
3.091305601891787269e-01
2.488406211911331212e-01
2.192357861760997895e-01
2.154382938423719807e-01
1.868843639359402398e-01
2.945826034151922124e-01
2.431946615208546159e-01
2.178330007548248126e-01
2.214021100365509143e-01
2.448504784415417024e-01
2.996749412799394885e-01
1.893470474863488129e-01
2.172002621703060521e-01
2.238875465665799980e-01
2.497070489652000458e-01
3.135828367286065954e-01
1.923432131927636235e-01
2.194034313484466980e-01
2.267860405186904182e-01
2.553230455031032520e-01
3.295935130050525741e-01
1.966481230053199747e-01
2.218268111756843408e-01
2.295144015249255265e-01
2.621164284376218956e-01
3.470873178421634009e-01
2.024040311227738864e-01
2.244282838156958504e-01
2.333495361371404619e-01
2.687256911670004023e-01
3.638422699578513497e-01
2.087061172294833733e-01
2.283669922050861889e-01
2.379495814705901435e-01
2.716949484514307733e-01
3.732509814569747175e-01
2.139241806838364235e-01
2.334214622005356676e-01
2.381195671953941218e-01
2.626149363724681329e-01
3.645962147367767248e-01
2.172956314434922043e-01
2.344401995910582737e-01
2.325663872257808240e-01
2.390993629981977842e-01
3.506479313233704098e-01
2.233621634140188772e-01
2.302644520947527418e-01
2.317070170272492735e-01
2.186171822734160886e-01
3.502081639175205208e-01
2.411442278968869424e-01
2.316421779744853582e-01
2.364475792936037990e-01
2.109436432875996525e-01
3.609091151268324360e-01
2.646902163668081176e-01
2.378582819383754376e-01
2.374437900769591769e-01
2.085098475087870107e-01
3.697753898249676041e-01
2.756682492783471550e-01
2.393174143280028254e-01
2.324961342449753665e-01
2.042424727716543320e-01
3.617435964029031004e-01
2.725411444393139870e-01
2.345438922474951671e-01
2.277805651670565812e-01
1.987093028263178796e-01
3.459447542930526032e-01
2.652238883680287929e-01
2.297870383848703846e-01
2.246767294469151355e-01
1.937181736063013082e-01
3.285557281208257296e-01
2.580729043958516211e-01
2.267482128472499137e-01
2.226593459322009083e-01
1.896828370314568302e-01
3.123726865033587541e-01
2.516860672035953206e-01
2.244772512468983239e-01
2.213157811243556816e-01
1.869286573926942641e-01
2.978419974936422632e-01
2.460556448648416883e-01
2.224633091988263978e-01
2.268811314900743836e-01
2.483713401586223612e-01
3.007011587477669279e-01
1.896637039201316544e-01
2.232845787565060913e-01
2.299939433111102827e-01
2.538262620885913812e-01
3.146658689521185104e-01
1.924116827662576967e-01
2.259221905257484397e-01
2.336737963897344006e-01
2.598397530341393646e-01
3.306802105453892082e-01
1.962563079019966628e-01
2.289797506894686863e-01
2.378013729768904405e-01
2.667057103883784808e-01
3.475122364083257920e-01
2.012800326548372654e-01
2.328396890212976744e-01
2.444256133368212514e-01
2.731026202513315293e-01
3.623131792501462223e-01
2.061832560782298485e-01
2.393224524807089637e-01
2.499080994272273315e-01
2.735271027885343154e-01
3.659348817654679564e-01
2.080847075451801587e-01
2.452364764565002908e-01
2.424855780947906825e-01
2.554345785454799067e-01
3.431931761283343874e-01
2.033700680623267143e-01
2.389073507993022538e-01
2.317253148691924558e-01
2.203418358325022197e-01
3.194327640582140804e-01
2.001435088840553544e-01
2.293749703751285507e-01
2.314968916793017362e-01
1.972485675432965879e-01
3.177249020701741755e-01
2.195693086307493047e-01
2.307010002753616396e-01
2.412075979299891093e-01
1.983190024357656678e-01
3.374178389420409707e-01
2.546594928151684201e-01
2.420086041684939571e-01
2.500531305502177726e-01
2.037549124976570369e-01
3.618023433358033558e-01
2.755141160543470580e-01
2.511800654510888409e-01
2.442791189339701685e-01
2.029163705987302446e-01
3.605687385962603186e-01
2.755673173792450581e-01
2.453826356750809512e-01
2.369860592653707798e-01
1.988166874918611271e-01
3.465551589184864278e-01
2.686538746203036010e-01
2.379753378091741534e-01
2.325634198543897468e-01
1.944530512816929624e-01
3.294426151540104653e-01
2.611263028762625393e-01
2.333626395279888577e-01
2.302621755935833348e-01
1.908033208154090721e-01
3.132767891773989843e-01
2.544351869819559409e-01
2.305532807347179525e-01
2.282280911915200439e-01
1.882991960165198431e-01
2.990522458734812261e-01
2.487244585439978839e-01
2.279198150716678917e-01
2.306439972231000279e-01
2.479373475767469026e-01
2.981178633969413516e-01
1.895532987792498125e-01
2.286017123520929228e-01
2.340154393394925370e-01
2.533599709287150947e-01
3.117355729467390923e-01
1.921514965077555370e-01
2.312494436215985494e-01
2.384060788152027599e-01
2.593771627112616551e-01
3.274018161312471364e-01
1.958315825065838345e-01
2.351692912265425095e-01
2.437994614548145977e-01
2.661892397671560273e-01
3.439736924234526594e-01
2.005455379762853541e-01
2.403068752893573745e-01
2.527616278037924102e-01
2.723159021949074776e-01
3.581053704356321754e-01
2.053655001592141482e-01
2.491520690546707717e-01
2.595298872460335970e-01
2.717811498506724766e-01
3.588101127747617691e-01
2.068756613150264934e-01
2.565450936370382573e-01
2.515982226293491664e-01
2.505777655832305273e-01
3.326684958313177454e-01
1.997474672428648790e-01
2.504224237097123495e-01
2.433986264899790364e-01
2.137583789158893910e-01
3.063169781046680695e-01
1.929000506439851603e-01
2.423065802166730620e-01
2.450859798766788777e-01
1.916159878321495869e-01
3.041966319322888523e-01
2.119426719482887522e-01
2.423593521395589478e-01
2.535852892005871495e-01
1.962316161662592540e-01
3.278907585150928616e-01
2.487156343684140958e-01
2.515020511615294052e-01
2.617419462289298226e-01
2.040242074744862688e-01
3.553985392972662249e-01
2.723071598965359774e-01
2.608057609606218019e-01
2.546252692311090637e-01
2.037249203257585906e-01
3.568053141763819491e-01
2.739443657384824649e-01
2.538919644122104580e-01
2.452897695008531831e-01
1.995677079552154731e-01
3.433418371558591420e-01
2.672197308469551058e-01
2.440810164493377454e-01
2.396327430411182291e-01
1.951959186714615768e-01
3.264489008641574541e-01
2.595660993503853264e-01
2.380575982392095502e-01
2.365390777098927699e-01
1.916706230113424114e-01
3.103621206382404796e-01
2.528796697829253093e-01
2.346385134583245657e-01
2.341213174104702921e-01
1.891979051827029912e-01
2.964634151379538785e-01
2.474922993853708175e-01
2.317985595829868406e-01
2.319079477394022926e-01
2.430484395623798699e-01
2.916596825498129486e-01
1.891466564672156514e-01
2.327096244615246001e-01
2.352557491621312391e-01
2.480151119616726130e-01
3.048408945679118021e-01
1.918216935529826472e-01
2.355232223248107382e-01
2.398047689493839063e-01
2.536655651429115532e-01
3.200830702675738215e-01
1.957232577685777963e-01
2.396218282008218126e-01
2.463333596702802220e-01
2.599712943625029360e-01
3.368522143217007048e-01
2.007960907026936082e-01
2.457913004644093902e-01
2.561635426872410082e-01
2.660642603240540027e-01
3.512723906471941770e-01
2.065368320515938994e-01
2.555266908745635890e-01
2.652648558760805630e-01
2.663827153418463212e-01
3.546982407720371544e-01
2.101161802882769158e-01
2.653903043604628476e-01
2.689128612250758499e-01
2.503819461906386934e-01
3.379597387039803280e-01
2.076484102403290954e-01
2.702226707372457626e-01
2.688167344050350627e-01
2.236905142784932354e-01
3.171447314775061588e-01
2.060138764811948742e-01
2.689890596801012279e-01
2.718360354597227913e-01
2.060447100315089541e-01
3.147702264293666397e-01
2.221707146084077045e-01
2.680784566164768901e-01
2.750489480103064377e-01
2.062832254131829191e-01
3.345095320300426889e-01
2.489114070825046987e-01
2.700629913154541928e-01
2.715196690133605539e-01
2.091441518194131211e-01
3.528120631232215532e-01
2.666159862517647472e-01
2.672494693356182172e-01
2.614103307218561545e-01
2.065663506772136282e-01
3.506442448214955876e-01
2.675066703272422353e-01
2.574030306861522233e-01
2.511766081651677918e-01
2.011154746993069897e-01
3.362878349859682037e-01
2.608275222813722372e-01
2.469151056033757063e-01
2.451272848968734930e-01
1.961477775953747449e-01
3.194626472095473679e-01
2.535992732661705440e-01
2.401329145233337403e-01
2.415473373463378204e-01
1.925331015901559639e-01
3.037680404415586399e-01
2.474926446035564942e-01
2.362404123595076566e-01
2.387821804557948846e-01
1.900022839238245942e-01
2.903221725339127923e-01
2.424893367037552205e-01
2.331494508718441605e-01
2.323960563018786230e-01
2.378100455055358053e-01
2.837430721016613866e-01
1.904177521546684404e-01
2.367896074962084485e-01
2.358589931639783199e-01
2.420608072171272496e-01
2.961410315393677717e-01
1.934955291891751195e-01
2.399672099532630942e-01
2.403658573050434233e-01
2.470688128970038033e-01
3.103146728276475752e-01
1.979515669846191039e-01
2.443025009525156277e-01
2.469648643515476583e-01
2.527332086801645228e-01
3.263838820647683714e-01
2.035980184851187424e-01
2.504202033287735163e-01
2.563369455528304308e-01
2.582285793222796055e-01
3.411919267582836368e-01
2.102318259041753568e-01
2.595523092994727610e-01
2.680041200487953690e-01
2.600545666031391923e-01
3.492735838994549535e-01
2.162209594566420756e-01
2.716367779163295637e-01
2.866311747759283657e-01
2.520055335141654362e-01
3.441917685611342592e-01
2.203220910095068097e-01
2.904556426591249352e-01
3.002297107815809496e-01
2.377329362623334386e-01
3.314027615505082403e-01
2.253274395219054538e-01
3.011522681665018131e-01
3.042057692417965420e-01
2.258198225738871356e-01
3.293585377842204176e-01
2.368582483267336614e-01
3.000677639575480837e-01
2.972112643831041345e-01
2.203095927417544064e-01
3.421075987044748801e-01
2.515065013170493802e-01
2.895826165398850960e-01
2.784187908416638213e-01
2.165824466571509843e-01
3.488160260182335271e-01
2.607336623361822259e-01
2.708829765127978573e-01
2.649784964306834412e-01
2.111298969588927543e-01
3.416252652799902090e-01
2.596259351689074735e-01
2.577186354113080169e-01
2.555212749996447763e-01
2.046115386787472346e-01
3.266419406760491251e-01
2.533935757978079684e-01
2.474929988390859315e-01
2.498769053860922795e-01
1.991827137669360814e-01
3.106833641630208365e-01
2.472627467765048381e-01
2.409674842461976829e-01
2.464046608159936591e-01
1.952237170971994618e-01
2.960568961982977809e-01
2.420576121307344009e-01
2.370623818215038814e-01
2.430093861370841157e-01
1.923577165385777499e-01
2.831612927007181590e-01
2.372550005532916007e-01
2.336552524767802341e-01
2.371876353848908214e-01
2.369875963498717097e-01
2.893159824345232223e-01
1.967228221112391484e-01
2.451570127881207983e-01
2.418905608944446617e-01
2.413472461136092762e-01
3.027379130461123058e-01
2.015449486363746490e-01
2.497750835407545333e-01
2.479122528771866008e-01
2.459815240772068590e-01
3.171330583564008765e-01
2.073305930606572367e-01
2.555378824268647597e-01
2.565592342599758990e-01
2.504768187519618716e-01
3.315517910262955614e-01
2.140151341707668409e-01
2.633395969732429953e-01
2.696882495349806619e-01
2.529786248116525638e-01
3.425218269853761988e-01
2.212199419206996032e-01
2.760134791776926444e-01
2.961392366718740843e-01
2.503868260550684566e-01
3.450171055795624997e-01
2.283226680377640760e-01
3.013379645416012775e-01
3.194944031119908989e-01
2.437530528782787809e-01
3.416628118974185391e-01
2.356480343498084107e-01
3.208593797260019809e-01
3.238209723625731229e-01
2.358426958592706735e-01
3.405858678353760882e-01
2.435241076102730162e-01
3.199781015634035608e-01
3.083039028038473961e-01
2.286333409812995876e-01
3.437712533784487157e-01
2.506095528770517777e-01
2.997153927951724528e-01
2.822008052559206170e-01
2.220268035442942711e-01
3.425485931924233118e-01
2.540820429690240356e-01
2.724637304825940909e-01
2.676654400443415627e-01
2.149602978752193083e-01
3.326929186016078788e-01
2.517647005248256353e-01
2.574941486831098802e-01
2.594283279957451116e-01
2.083633355915777141e-01
3.180899017296146547e-01
2.466640775708494882e-01
2.480622347394824123e-01
2.546090416381996402e-01
2.031887488339221837e-01
3.033126996925427643e-01
2.417591186701708583e-01
2.421486092177033700e-01
2.512923657384250609e-01
1.990556904480463851e-01
2.898825600214482989e-01
2.374285259161295347e-01
2.382544551203460148e-01
2.377620477520877018e-01
2.325034407948235737e-01
2.829407061348718777e-01
2.000077921294549088e-01
2.491642388728201318e-01
2.424738728389413955e-01
2.360225074907430221e-01
2.948328763943101616e-01
2.048125016912282215e-01
2.538150218605538244e-01
2.481939596481815558e-01
2.396783504276052690e-01
3.076065706667386324e-01
2.103948218378417223e-01
2.590580523434222182e-01
2.563911011054889055e-01
2.433590522812031087e-01
3.210853893665746028e-01
2.166901303442055060e-01
2.656820983170620765e-01
2.694158065026913129e-01
2.460425242235500798e-01
3.329069168562191483e-01
2.239327703857206808e-01
2.767593009822307271e-01
2.949143507751818549e-01
2.465368084424554851e-01
3.389059959093517760e-01
2.318160183579525691e-01
3.001770422735928201e-01
3.188335010388109736e-01
2.440850708745235520e-01
3.402591044191085046e-01
2.389453236251745660e-01
3.202094366182158258e-01
3.229084266155227145e-01
2.387394595248816809e-01
3.399594262248688548e-01
2.441414334008126796e-01
3.198182189058342284e-01
3.059225495082674717e-01
2.319019084720069235e-01
3.376188970834395620e-01
2.469556093928500506e-01
2.982127039916579458e-01
2.818546063141961211e-01
2.245189313329624681e-01
3.329113816896966949e-01
2.471678499925127892e-01
2.717964647994088323e-01
2.689227863126042450e-01
2.172136858446036822e-01
3.222130764798097347e-01
2.444180242247064594e-01
2.570519164245973487e-01
2.617329020749984414e-01
2.108611229884299609e-01
3.085982855104044131e-01
2.402807797241388321e-01
2.480660619625720265e-01
2.576045610981431144e-01
2.061288530543502195e-01
2.955796829047016017e-01
2.362872794543901256e-01
2.425326006463410233e-01
2.545962972874570296e-01
2.023957837187199127e-01
2.834691769694981378e-01
2.327353014258213837e-01
2.384752447925231611e-01
2.425709751557109661e-01
2.314198734120230805e-01
2.866557796111539047e-01
2.074989757457707529e-01
2.561850081847195648e-01
2.477639132070209305e-01
2.343719097665598328e-01
2.981175494145896221e-01
2.124755177933299322e-01
2.605919328287619741e-01
2.550260894963810587e-01
2.372991203437549435e-01
3.101600045163110386e-01
2.181953350472683184e-01
2.659607605266072206e-01
2.668996489408239081e-01
2.401884140666774303e-01
3.217055110007140950e-01
2.250022995774519641e-01
2.750469477177892030e-01
2.874122611439960395e-01
2.423101000842386998e-01
3.296956440666011234e-01
2.328214294088583880e-01
2.925628165269191228e-01
3.075826493651124260e-01
2.423802047866288611e-01
3.332138173686161053e-01
2.394216112246240757e-01
3.088316686344823592e-01
3.113232130988157764e-01
2.387637173991168371e-01
3.330494592730576797e-01
2.428618288290938787e-01
3.085014653867190204e-01
2.973299874288895528e-01
2.322872322054042316e-01
3.288681070107630777e-01
2.429630496990653199e-01
2.905091647348471140e-01
2.790998166707666650e-01
2.250273035166866498e-01
3.214522464180177286e-01
2.410161772120164025e-01
2.692783490969020699e-01
2.688789570371454274e-01
2.181918311476131467e-01
3.104713621395401302e-01
2.379640465246289915e-01
2.560976362336361833e-01
2.627871069722794162e-01
2.125087489729247936e-01
2.984447232512353887e-01
2.346459855828925134e-01
2.475667514733828067e-01
2.593909742637200977e-01
2.082807461821479245e-01
2.872811391140928650e-01
2.313845329842610654e-01
2.424349415991771117e-01
2.471845616592454609e-01
2.299846292783363499e-01
2.889897483251397947e-01
2.138622004254748521e-01
2.610585641886248309e-01
2.535191477216251488e-01
2.325075074596371916e-01
2.996609843286766606e-01
2.189585345763684632e-01
2.654586184459185594e-01
2.631857779834273492e-01
2.352944524687366756e-01
3.102050623364037141e-01
2.249496898125666056e-01
2.720893409426862752e-01
2.791401753201598335e-01
2.381599859785402951e-01
3.190165176251980039e-01
2.320836535251494526e-01
2.845814535306994131e-01
2.941281929543476115e-01
2.395517823927266199e-01
3.236308082768666883e-01
2.381904620902542957e-01
2.954736229653479040e-01
2.975845905908104383e-01
2.372102101404310603e-01
3.233865035850447267e-01
2.402826265139772766e-01
2.947986247635505652e-01
2.884995220008040318e-01
2.314879737724920006e-01
3.181574919902565024e-01
2.388133963149948469e-01
2.817824050132477498e-01
2.759514130690985390e-01
2.248039471833309100e-01
3.095462483455685421e-01
2.360380564674243731e-01
2.659709391488430663e-01
2.681474905613082105e-01
2.187205353675774622e-01
2.995601373974630111e-01
2.330551714817769016e-01
2.551638204709600344e-01
2.632791736489965562e-01
2.137552147438366856e-01
2.887684460117289631e-01
2.300776548629440421e-01
2.474321587601051309e-01
2.604294124961123447e-01
2.310327630945846200e-01
2.985114895254686318e-01
2.245015839497417620e-01
2.696768693815734252e-01
2.728546484108930192e-01
2.341377526411218823e-01
3.070213453517152136e-01
2.306530126804220704e-01
2.786711284138461697e-01
2.842051332785381912e-01
2.362165304356910744e-01
3.113443882228741355e-01
2.359047510155714289e-01
2.859596769540848626e-01
2.873032155059856985e-01
2.349344055193099690e-01
3.113557714618577221e-01
2.371663113255333133e-01
2.849041658544803624e-01
2.815003945429791488e-01
2.302749919317596261e-01
3.063149061723599020e-01
2.351462100229203822e-01
2.752756315295342149e-01
2.732448881114644679e-01
2.244815796364983684e-01
2.978880090789458035e-01
2.321757182837833888e-01
2.630568602492103225e-01
